1048
1047
1046
1046
1045
1044
1043
1043
1042
1042
1041
1040
1040
1039
1038
1038
1037
1037
1036
1036
1035
1034
1033
1033
1032
1032
1031
1031
1030
1030
1029
1028
1027
1026
1026
1025
1025
1024
1023
1023
1022
1021
1020
1019
1019
1018
1017
1016
1016
1015
1015
1014
1013
1012
1012
1011
1010
1009
1009
1008
1008
1007
1007
1006
1005
1005
1005
1004
1003
1002
1002
1001
1001
1000
1047
1046
1046
1045
1045
1044
1043
1043
1043
1042
1041
1040
1040
1039
1038
1038
1037
1036
1036
1035
1034
1034
1033
1032
1031
1031
1030
1030
1029
1028
1028
1027
1027
1026
1025
1025
1024
1024
1023
1023
1022
1021
1021
1020
1020
1019
1018
1017
1017
1016
1016
1015
1015
1015
1014
1014
1013
1013
1012
1011
1010
1010
1009
1009
1008
1007
1007
1006
1005
1004
1004
1003
1003
1002
1002
1001
1001
1000
1050
1050
1050
1049
1048
1048
1047
1046
1045
1044
1044
1043
1043
1042
1042
1041
1040
1040
1039
1039
1038
1037
1036
1036
1035
1034
1034
1033
1033
1033
1032
1031
1031
1030
1030
1029
1028
1028
1027
1027
1026
1026
1025
1024
1024
1023
1023
1022
1021
1020
1019
1019
1018
1017
1017
1016
1016
1015
1015
1014
1013
1013
1012
1012
1011
1010
1010
1009
1008
1008
1007
1006
1006
1005
1004
1004
1003
1002
1001
1001
1001
1000
1045
1044
1043
1043
1042
1042
1041
1041
1041
1040
1040
1039
1038
1038
1037
1038
1037
1036
1035
1035
1035
1034
1034
1034
1033
1033
1032
1032
1031
1031
1030
1030
1029
1028
1028
1027
1026
1026
1025
1024
1023
1022
1021
1021
1020
1020
1019
1019
1018
1016
1016
1015
1014
1014
1013
1013
1012
1011
1011
1011
1010
1009
1009
1008
1008
1007
1007
1006
1006
1005
1005
1004
1004
1003
1003
1002
1002
1001
1000
1051
1052
1051
1051
1050
1050
1050
1049
1049
1048
1047
1046
1045
1044
1043
1043
1042
1041
1040
1039
1039
1038
1037
1037
1036
1035
1035
1034
1033
1033
1032
1031
1031
1030
1029
1028
1028
1027
1027
1026
1026
1025
1024
1024
1023
1023
1022
1021
1020
1019
1019
1018
1018
1017
1016
1015
1014
1014
1013
1012
1012
1011
1010
1009
1009
1008
1008
1007
1005
1005
1004
1004
1004
1003
1004
1003
1003
1002
1001
1001
1000
1043
1042
1042
1041
1041
1040
1039
1039
1038
1038
1037
1037
1036
1035
1035
1034
1033
1033
1032
1031
1031
1030
1030
1029
1029
1029
1028
1028
1027
1026
1026
1025
1025
1024
1024
1023
1023
1022
1022
1021
1020
1020
1020
1019
1018
1018
1017
1016
1016
1015
1015
1014
1014
1014
1013
1012
1012
1011
1010
1010
1010
1009
1009
1009
1008
1007
1006
1006
1005
1004
1003
1003
1002
1001
1000
1049
1049
1048
1048
1047
1047
1046
1046
1045
1044
1044
1043
1042
1041
1040
1040
1039
1039
1038
1038
1037
1037
1036
1036
1035
1035
1034
1033
1032
1032
1031
1031
1030
1030
1029
1028
1027
1026
1026
1025
1024
1024
1023
1022
1022
1021
1020
1020
1019
1019
1018
1017
1016
1015
1016
1015
1014
1013
1012
1012
1011
1011
1010
1010
1009
1008
1008
1008
1007
1006
1005
1005
1004
1004
1003
1002
1001
1001
1000
1051
1050
1050
1049
1049
1048
1047
1046
1042
1041
1041
1040
1040
1039
1038
1038
1037
1037
1036
1036
1036
1035
1034
1034
1033
1033
1033
1032
1031
1031
1030
1030
1029
1028
1027
1027
1027
1026
1025
1025
1024
1023
1022
1022
1021
1020
1021
1020
1019
1018
1018
1017
1016
1015
1014
1013
1013
1012
1012
1011
1011
1010
1010
1009
1009
1008
1008
1008
1007
1006
1005
1005
1004
1004
1004
1003
1002
1001
1001
1000
1054
1053
1053
1052
1051
1051
1050
1050
1049
1049
1048
1047
1047
1046
1046
1045
1045
1044
1043
1043
1042
1041
1041
1040
1039
1038
1038
1037
1036
1035
1034
1033
1032
1032
1031
1031
1030
1029
1029
1028
1027
1026
1026
1025
1024
1024
1023
1023
1022
1021
1021
1020
1019
1018
1017
1017
1016
1016
1015
1014
1014
1013
1012
1012
1011
1011
1010
1009
1009
1008
1008
1007
1007
1006
1005
1004
1003
1002
1001
1000
1046
1045
1045
1044
1044
1043
1043
1042
1042
1041
1040
1040
1039
1038
1038
1037
1036
1036
1035
1035
1035
1034
1033
1033
1032
1032
1031
1030
1029
1028
1028
1027
1026
1025
1025
1024
1023
1023
1022
1021
1021
1020
1020
1019
1018
1018
1017
1017
1016
1016
1015
1015
1014
1013
1013
1012
1011
1010
1010
1009
1008
1008
1007
1007
1006
1005
1005
1004
1003
1004
1002
1003
1001
1001
1000
1047
1046
1046
1045
1045
1044
1043
1042
1042
1042
1041
1040
1039
1039
1038
1037
1036
1035
1035
1034
1034
1033
1032
1032
1031
1032
1031
1030
1029
1029
1029
1028
1029
1028
1027
1026
1026
1025
1024
1025
1024
1023
1023
1022
1021
1021
1020
1019
1018
1017
1016
1015
1014
1014
1013
1013
1012
1011
1010
1010
1009
1009
1008
1008
1007
1007
1006
1006
1005
1004
1004
1003
1003
1002
1001
1000
1047
1046
1046
1045
1044
1043
1043
1042
1042
1041
1040
1040
1039
1039
1038
1037
1037
1036
1036
1035
1035
1034
1033
1033
1032
1032
1031
1032
1031
1031
1030
1030
1029
1029
1028
1027
1027
1026
1026
1025
1025
1024
1024
1023
1023
1022
1021
1021
1020
1019
1019
1018
1017
1017
1016
1016
1015
1015
1014
1014
1014
1013
1013
1012
1012
1011
1011
1010
1009
1009
1008
1007
1006
1005
1004
1004
1003
1002
1002
1001
1001
1000
1048
1047
1046
1046
1045
1044
1043
1042
1042
1041
1040
1039
1039
1038
1038
1037
1037
1036
1036
1036
1035
1035
1035
1034
1034
1034
1033
1032
1032
1031
1031
1030
1029
1029
1028
1028
1028
1027
1026
1026
1025
1024
1023
1022
1021
1021
1020
1020
1019
1019
1018
1017
1017
1016
1016
1015
1015
1014
1013
1013
1013
1012
1011
1011
1010
1009
1009
1008
1008
1007
1006
1006
1006
1005
1004
1003
1002
1002
1001
1001
1000
1044
1044
1043
1043
1042
1041
1041
1040
1039
1039
1038
1038
1037
1036
1036
1034
1034
1033
1033
1032
1031
1030
1029
1029
1029
1028
1027
1027
1026
1026
1025
1025
1024
1024
1023
1022
1021
1020
1019
1019
1018
1018
1017
1017
1016
1016
1015
1015
1014
1013
1013
1012
1011
1011
1010
1009
1009
1008
1008
1008
1007
1006
1005
1005
1004
1004
1003
1002
1002
1001
1001
1000
1100
1099
1098
1097
1096
1095
1094
1093
1092
1091
1090
1089
1088
1087
1086
1085
1084
1083
1082
1081
1080
1079
1078
1077
1076
1075
1074
1073
1072
1071
1070
1069
1068
1067
1066
1065
1064
1063
1062
1061
1060
1059
1058
1057
1056
1055
1054
1053
1052
1051
1050
1049
1048
1047
1046
1045
1044
1043
1042
1041
1040
1039
1038
1037
1036
1035
1034
1033
1032
1031
1030
1029
1028
1027
1026
1025
1024
1023
1022
1021
1020
1019
1018
1017
1016
1015
1014
1013
1012
1011
1010
1009
1008
1007
1006
1005
1004
1003
1002
1001
1000
1100
1099
1098
1097
1096
1095
1094
1093
1092
1091
1090
1089
1088
1087
1086
1085
1084
1083
1082
1081
1080
1079
1078
1077
1076
1075
1074
1073
1072
1071
1070
1069
1068
1067
1066
1065
1064
1063
1062
1061
1060
1059
1058
1057
1056
1055
1054
1053
1052
1051
1050
1049
1048
1047
1046
1045
1044
1043
1042
1041
1040
1039
1038
1037
1036
1035
1034
1033
1032
1031
1030
1029
1028
1027
1026
1025
1024
1023
1022
1021
1020
1019
1018
1017
1016
1015
1014
1013
1012
1011
1010
1009
1008
1007
1006
1005
1004
1003
1002
1001
1000
1100
1099
1098
1097
1096
1095
1094
1093
1092
1091
1090
1089
1088
1087
1086
1085
1084
1083
1082
1081
1080
1079
1078
1077
1076
1075
1074
1073
1072
1071
1070
1069
1068
1067
1066
1065
1064
1063
1062
1061
1060
1059
1058
1057
1056
1055
1054
1053
1052
1051
1050
1049
1048
1047
1046
1045
1044
1043
1042
1041
1040
1039
1038
1037
1036
1035
1034
1033
1032
1031
1030
1029
1028
1027
1026
1025
1024
1023
1022
1021
1020
1019
1018
1017
1016
1015
1014
1013
1012
1011
1010
1009
1008
1007
1006
1005
1004
1003
1002
1001
1000
1100
1099
1098
1097
1096
1095
1094
1093
1092
1091
1090
1089
1088
1087
1086
1085
1084
1083
1082
1081
1080
1079
1078
1077
1076
1075
1074
1073
1072
1071
1070
1069
1068
1067
1066
1065
1064
1063
1062
1061
1060
1059
1058
1057
1056
1055
1054
1053
1052
1051
1050
1049
1048
1047
1046
1045
1044
1043
1042
1041
1040
1039
1038
1037
1036
1035
1034
1033
1032
1031
1030
1029
1028
1027
1026
1025
1024
1023
1022
1021
1020
1019
1018
1017
1016
1015
1014
1013
1012
1011
1010
1009
1008
1007
1006
1005
1004
1003
1002
1001
1000
1100
1099
1098
1097
1096
1095
1094
1093
1092
1091
1090
1089
1088
1087
1086
1085
1084
1083
1082
1081
1080
1079
1078
1077
1076
1075
1074
1073
1072
1071
1070
1069
1068
1067
1066
1065
1064
1063
1062
1061
1060
1059
1058
1057
1056
1055
1054
1053
1052
1051
1050
1049
1048
1047
1046
1045
1044
1043
1042
1041
1040
1039
1038
1037
1036
1035
1034
1033
1032
1031
1030
1029
1028
1027
1026
1025
1024
1023
1022
1021
1020
1019
1018
1017
1016
1015
1014
1013
1012
1011
1010
1009
1008
1007
1006
1005
1004
1003
1002
1001
1000
1100
1099
1098
1097
1096
1095
1094
1093
1092
1091
1090
1089
1088
1087
1086
1085
1084
1083
1082
1081
1080
1079
1078
1077
1076
1075
1074
1073
1072
1071
1070
1069
1068
1067
1066
1065
1064
1063
1062
1061
1060
1059
1058
1057
1056
1055
1054
1053
1052
1051
1050
1049
1048
1047
1046
1045
1044
1043
1042
1041
1040
1039
1038
1037
1036
1035
1034
1033
1032
1031
1030
1029
1028
1027
1026
1025
1024
1023
1022
1021
1020
1019
1018
1017
1016
1015
1014
1013
1012
1011
1010
1009
1008
1007
1006
1005
1004
1003
1002
1001
1000
1100
1099
1098
1097
1096
1095
1094
1093
1092
1091
1090
1089
1088
1087
1086
1085
1084
1083
1082
1081
1080
1079
1078
1077
1076
1075
1074
1073
1072
1071
1070
1069
1068
1067
1066
1065
1064
1063
1062
1061
1060
1059
1058
1057
1056
1055
1054
1053
1052
1051
1050
1049
1048
1047
1046
1045
1044
1043
1042
1041
1040
1039
1038
1037
1036
1035
1034
1033
1032
1031
1030
1029
1028
1027
1026
1025
1024
1023
1022
1021
1020
1019
1018
1017
1016
1015
1014
1013
1012
1011
1010
1009
1008
1007
1006
1005
1004
1003
1002
1001
1000
1100
1099
1098
1097
1096
1095
1094
1093
1092
1091
1090
1089
1088
1087
1086
1085
1084
1083
1082
1081
1080
1079
1078
1077
1076
1075
1074
1073
1072
1071
1070
1069
1068
1067
1066
1065
1064
1063
1062
1061
1060
1059
1058
1057
1056
1055
1054
1053
1052
1051
1050
1049
1048
1047
1046
1045
1044
1043
1042
1041
1040
1039
1038
1037
1036
1035
1034
1033
1032
1031
1030
1029
1028
1027
1026
1025
1024
1023
1022
1021
1020
1019
1018
1017
1016
1015
1014
1013
1012
1011
1010
1009
1008
1007
1006
1005
1004
1003
1002
1001
1000
1100
1099
1098
1097
1096
1095
1094
1093
1092
1091
1090
1089
1088
1087
1086
1085
1084
1083
1082
1081
1080
1079
1078
1077
1076
1075
1074
1073
1072
1071
1070
1069
1068
1067
1066
1065
1064
1063
1062
1061
1060
1059
1058
1057
1056
1055
1054
1053
1052
1051
1050
1049
1048
1047
1046
1045
1044
1043
1042
1041
1040
1039
1038
1037
1036
1035
1034
1033
1032
1031
1030
1029
1028
1027
1026
1025
1024
1023
1022
1021
1020
1019
1018
1017
1016
1015
1014
1013
1012
1011
1010
1009
1008
1007
1006
1005
1004
1003
1002
1001
1000
1100
1099
1098
1097
1096
1095
1094
1093
1092
1091
1090
1089
1088
1087
1086
1085
1084
1083
1082
1081
1080
1079
1078
1077
1076
1075
1074
1073
1072
1071
1070
1069
1068
1067
1066
1065
1064
1063
1062
1061
1060
1059
1058
1057
1056
1055
1054
1053
1052
1051
1050
1049
1048
1047
1046
1045
1044
1043
1042
1041
1040
1039
1038
1037
1036
1035
1034
1033
1032
1031
1030
1029
1028
1027
1026
1025
1024
1023
1022
1021
1020
1019
1018
1017
1016
1015
1014
1013
1012
1011
1010
1009
1008
1007
1006
1005
1004
1003
1002
1001
1000
1100
1099
1098
1097
1096
1095
1094
1093
1092
1091
1090
1089
1088
1087
1086
1085
1084
1083
1082
1081
1080
1079
1078
1077
1076
1075
1074
1073
1072
1071
1070
1069
1068
1067
1066
1065
1064
1063
1062
1061
1060
1059
1058
1057
1056
1055
1054
1053
1052
1051
1050
1049
1048
1047
1046
1045
1044
1043
1042
1041
1040
1039
1038
1037
1036
1035
1034
1033
1032
1031
1030
1029
1028
1027
1026
1025
1024
1023
1022
1021
1020
1019
1018
1017
1016
1015
1014
1013
1012
1011
1010
1009
1008
1007
1006
1005
1004
1003
1002
1001
1000
1100
1099
1098
1097
1096
1095
1094
1093
1092
1091
1090
1089
1088
1087
1086
1085
1084
1083
1082
1081
1080
1079
1078
1077
1076
1075
1074
1073
1072
1071
1070
1069
1068
1067
1066
1065
1064
1063
1062
1061
1060
1059
1058
1057
1056
1055
1054
1053
1052
1051
1050
1049
1048
1047
1046
1045
1044
1043
1042
1041
1040
1039
1038
1037
1036
1035
1034
1033
1032
1031
1030
1029
1028
1027
1026
1025
1024
1023
1022
1021
1020
1019
1018
1017
1016
1015
1014
1013
1012
1011
1010
1009
1008
1007
1006
1005
1004
1003
1002
1001
1000
1100
1099
1098
1097
1096
1095
1094
1093
1092
1091
1090
1089
1088
1087
1086
1085
1084
1083
1082
1081
1080
1079
1078
1077
1076
1075
1074
1073
1072
1071
1070
1069
1068
1067
1066
1065
1064
1063
1062
1061
1060
1059
1058
1057
1056
1055
1054
1053
1052
1051
1050
1049
1048
1047
1046
1045
1044
1043
1042
1041
1040
1039
1038
1037
1036
1035
1034
1033
1032
1031
1030
1029
1028
1027
1026
1025
1024
1023
1022
1021
1020
1019
1018
1017
1016
1015
1014
1013
1012
1011
1010
1009
1008
1007
1006
1005
1004
1003
1002
1001
1000
1100
1099
1098
1097
1096
1095
1094
1093
1092
1091
1090
1089
1088
1087
1086
1085
1084
1083
1082
1081
1080
1079
1078
1077
1076
1075
1074
1073
1072
1071
1070
1069
1068
1067
1066
1065
1064
1063
1062
1061
1060
1059
1058
1057
1056
1055
1054
1053
1052
1051
1050
1049
1048
1047
1046
1045
1044
1043
1042
1041
1040
1039
1038
1037
1036
1035
1034
1033
1032
1031
1030
1029
1028
1027
1026
1025
1024
1023
1022
1021
1020
1019
1018
1017
1016
1015
1014
1013
1012
1011
1010
1009
1008
1007
1006
1005
1004
1003
1002
1001
1000
1100
1099
1098
1097
1096
1095
1094
1093
1092
1091
1090
1089
1088
1087
1086
1085
1084
1083
1082
1081
1080
1079
1078
1077
1076
1075
1074
1073
1072
1071
1070
1069
1068
1067
1066
1065
1064
1063
1062
1061
1060
1059
1058
1057
1056
1055
1054
1053
1052
1051
1050
1049
1048
1047
1046
1045
1044
1043
1042
1041
1040
1039
1038
1037
1036
1035
1034
1033
1032
1031
1030
1029
1028
1027
1026
1025
1024
1023
1022
1021
1020
1019
1018
1017
1016
1015
1014
1013
1012
1011
1010
1009
1008
1007
1006
1005
1004
1003
1002
1001
1000
1100
1099
1098
1097
1096
1095
1094
1093
1092
1091
1090
1089
1088
1087
1086
1085
1084
1083
1082
1081
1080
1079
1078
1077
1076
1075
1074
1073
1072
1071
1070
1069
1068
1067
1066
1065
1064
1063
1062
1061
1060
1059
1058
1057
1056
1055
1054
1053
1052
1051
1050
1049
1048
1047
1046
1045
1044
1043
1042
1041
1040
1039
1038
1037
1036
1035
1034
1033
1032
1031
1030
1029
1028
1027
1026
1025
1024
1023
1022
1021
1020
1019
1018
1017
1016
1015
1014
1013
1012
1011
1010
1009
1008
1007
1006
1005
1004
1003
1002
1001
1000
1100
1099
1098
1097
1096
1095
1094
1093
1092
1091
1090
1089
1088
1087
1086
1085
1084
1083
1082
1081
1080
1079
1078
1077
1076
1075
1074
1073
1072
1071
1070
1069
1068
1067
1066
1065
1064
1063
1062
1061
1060
1059
1058
1057
1056
1055
1054
1053
1052
1051
1050
1049
1048
1047
1046
1045
1044
1043
1042
1041
1040
1039
1038
1037
1036
1035
1034
1033
1032
1031
1030
1029
1028
1027
1026
1025
1024
1023
1022
1021
1020
1019
1018
1017
1016
1015
1014
1013
1012
1011
1010
1009
1008
1007
1006
1005
1004
1003
1002
1001
1000
1100
1099
1098
1097
1096
1095
1094
1093
1092
1091
1090
1089
1088
1087
1086
1085
1084
1083
1082
1081
1080
1079
1078
1077
1076
1075
1074
1073
1072
1071
1070
1069
1068
1067
1066
1065
1064
1063
1062
1061
1060
1059
1058
1057
1056
1055
1054
1053
1052
1051
1050
1049
1048
1047
1046
1045
1044
1043
1042
1041
1040
1039
1038
1037
1036
1035
1034
1033
1032
1031
1030
1029
1028
1027
1026
1025
1024
1023
1022
1021
1020
1019
1018
1017
1016
1015
1014
1013
1012
1011
1010
1009
1008
1007
1006
1005
1004
1003
1002
1001
1000
1100
1099
1098
1097
1096
1095
1094
1093
1092
1091
1090
1089
1088
1087
1086
1085
1084
1083
1082
1081
1080
1079
1078
1077
1076
1075
1074
1073
1072
1071
1070
1069
1068
1067
1066
1065
1064
1063
1062
1061
1060
1059
1058
1057
1056
1055
1054
1053
1052
1051
1050
1049
1048
1047
1046
1045
1044
1043
1042
1041
1040
1039
1038
1037
1036
1035
1034
1033
1032
1031
1030
1029
1028
1027
1026
1025
1024
1023
1022
1021
1020
1019
1018
1017
1016
1015
1014
1013
1012
1011
1010
1009
1008
1007
1006
1005
1004
1003
1002
1001
1000
1100
1099
1098
1097
1096
1095
1094
1093
1092
1091
1090
1089
1088
1087
1086
1085
1084
1083
1082
1081
1080
1079
1078
1077
1076
1075
1074
1073
1072
1071
1070
1069
1068
1067
1066
1065
1064
1063
1062
1061
1060
1059
1058
1057
1056
1055
1054
1053
1052
1051
1050
1049
1048
1047
1046
1045
1044
1043
1042
1041
1040
1039
1038
1037
1036
1035
1034
1033
1032
1031
1030
1029
1028
1027
1026
1025
1024
1023
1022
1021
1020
1019
1018
1017
1016
1015
1014
1013
1012
1011
1010
1009
1008
1007
1006
1005
1004
1003
1002
1001
1000
1100
1099
1098
1097
1096
1095
1094
1093
1092
1091
1090
1089
1088
1087
1086
1085
1084
1083
1082
1081
1080
1079
1078
1077
1076
1075
1074
1073
1072
1071
1070
1069
1068
1067
1066
1065
1064
1063
1062
1061
1060
1059
1058
1057
1056
1055
1054
1053
1052
1051
1050
1049
1048
1047
1046
1045
1044
1043
1042
1041
1040
1039
1038
1037
1036
1035
1034
1033
1032
1031
1030
1029
1028
1027
1026
1025
1024
1023
1022
1021
1020
1019
1018
1017
1016
1015
1014
1013
1012
1011
1010
1009
1008
1007
1006
1005
1004
1003
1002
1001
1000
1045
1044
1043
1044
1043
1042
1041
1041
1040
1039
1039
1038
1037
1037
1036
1036
1035
1035
1034
1033
1034
1033
1032
1032
1031
1031
1030
1029
1028
1028
1027
1026
1025
1024
1024
1023
1022
1021
1021
1020
1019
1019
1018
1017
1017
1016
1015
1014
1013
1013
1012
1012
1011
1011
1010
1010
1009
1009
1008
1008
1007
1006
1006
1005
1005
1004
1004
1003
1003
1003
1002
1002
1001
1001
1000
1050
1050
1049
1048
1048
1047
1046
1046
1045
1044
1044
1043
1042
1042
1042
1041
1040
1039
1039
1038
1037
1035
1036
1035
1034
1033
1032
1032
1031
1030
1030
1029
1029
1028
1028
1027
1027
1026
1025
1024
1024
1023
1022
1022
1021
1021
1020
1019
1019
1018
1017
1017
1017
1016
1016
1015
1014
1013
1012
1012
1011
1011
1010
1010
1009
1008
1008
1007
1007
1006
1006
1005
1004
1003
1002
1002
1001
1001
1000
1047
1047
1046
1045
1045
1044
1043
1042
1042
1041
1040
1039
1038
1037
1037
1036
1036
1035
1035
1034
1034
1033
1033
1032
1032
1032
1031
1030
1030
1029
1028
1028
1027
1026
1026
1025
1025
1024
1023
1022
1022
1021
1020
1019
1018
1017
1017
1016
1015
1014
1014
1013
1013
1012
1013
1011
1012
1010
1011
1009
1010
1008
1009
1007
1007
1006
1005
1005
1004
1004
1003
1003
1002
1002
1001
1001
1001
1000
1047
1046
1046
1045
1045
1044
1043
1042
1042
1041
1041
1040
1040
1039
1039
1038
1038
1038
1037
1036
1035
1034
1033
1032
1032
1031
1030
1030
1029
1028
1028
1027
1027
1026
1025
1025
1024
1023
1022
1021
1021
1020
1019
1018
1018
1017
1016
1016
1015
1015
1014
1013
1012
1011
1011
1010
1009
1009
1009
1008
1007
1006
1005
1005
1004
1004
1003
1003
1002
1002
1001
1001
1000
1045
1046
1045
1044
1043
1043
1042
1041
1041
1040
1040
1039
1039
1038
1037
1037
1036
1036
1036
1035
1035
1034
1034
1033
1033
1033
1032
1032
1031
1031
1030
1030
1029
1028
1027
1026
1027
1025
1025
1024
1023
1022
1022
1021
1021
1020
1019
1018
1017
1017
1016
1016
1015
1016
1015
1014
1014
1013
1013
1012
1012
1012
1011
1010
1010
1009
1009
1008
1008
1007
1006
1006
1006
1005
1005
1004
1004
1004
1003
1003
1002
1001
1000
1045
1045
1044
1044
1043
1042
1042
1042
1041
1041
1040
1040
1040
1039
1038
1038
1037
1035
1036
1035
1034
1033
1032
1031
1031
1030
1030
1029
1028
1028
1027
1027
1026
1025
1024
1024
1023
1023
1022
1021
1021
1020
1019
1018
1018
1018
1017
1017
1016
1016
1015
1014
1014
1013
1013
1012
1011
1011
1010
1009
1009
1008
1007
1007
1006
1005
1005
1004
1003
1002
1002
1001
1001
1000
1048
1047
1046
1046
1045
1045
1044
1044
1044
1043
1042
1042
1041
1041
1040
1039
1039
1038
1038
1037
1037
1036
1035
1035
1034
1034
1034
1033
1033
1032
1032
1031
1031
1030
1030
1029
1028
1028
1027
1027
1026
1026
1025
1024
1023
1023
1022
1021
1020
1019
1018
1018
1017
1016
1015
1014
1014
1013
1012
1012
1012
1011
1010
1009
1009
1008
1008
1007
1006
1005
1005
1004
1004
1003
1003
1002
1002
1001
1002
1001
1000
1046
1045
1044
1043
1043
1042
1042
1042
1041
1041
1040
1040
1039
1038
1038
1038
1037
1036
1036
1035
1035
1034
1034
1033
1033
1032
1031
1031
1030
1029
1029
1029
1029
1028
1028
1027
1027
1026
1025
1025
1024
1024
1024
1023
1022
1023
1022
1021
1020
1019
1019
1019
1018
1017
1016
1016
1015
1015
1014
1014
1014
1013
1013
1012
1012
1011
1010
1010
1009
1008
1007
1006
1006
1005
1004
1004
1003
1002
1002
1001
1000
1047
1046
1046
1045
1045
1044
1044
1043
1043
1042
1042
1041
1040
1039
1039
1038
1038
1037
1037
1037
1036
1036
1035
1034
1034
1033
1032
1032
1031
1031
1030
1030
1029
1028
1027
1026
1025
1024
1022
1022
1021
1021
1020
1019
1019
1018
1018
1017
1015
1016
1015
1015
1014
1014
1013
1012
1012
1011
1011
1010
1010
1009
1008
1007
1007
1006
1006
1005
1004
1003
1002
1002
1001
1001
1000
1048
1048
1047
1046
1045
1045
1044
1044
1043
1042
1042
1041
1041
1041
1040
1040
1039
1039
1038
1038
1037
1037
1036
1036
1035
1035
1034
1034
1033
1033
1032
1032
1031
1030
1029
1028
1028
1028
1027
1027
1027
1026
1025
1025
1024
1023
1022
1021
1021
1020
1019
1019
1018
1018
1017
1017
1016
1015
1014
1014
1013
1012
1011
1011
1010
1010
1009
1009
1008
1008
1007
1007
1006
1006
1005
1004
1003
1003
1002
1002
1001
1001
1000
1049
1049
1048
1048
1047
1046
1045
1045
1044
1044
1043
1043
1042
1042
1041
1040
1040
1039
1038
1038
1038
1037
1037
1037
1036
1036
1035
1035
1034
1034
1034
1033
1032
1032
1031
1030
1029
1028
1027
1027
1026
1025
1024
1023
1023
1022
1021
1020
1020
1019
1018
1017
1017
1016
1016
1015
1015
1014
1014
1013
1013
1012
1011
1011
1010
1010
1009
1008
1007
1006
1005
1005
1004
1004
1003
1003
1002
1001
1000
1049
1049
1048
1047
1047
1046
1046
1045
1045
1044
1043
1043
1042
1041
1041
1041
1040
1040
1039
1039
1039
1038
1038
1037
1036
1035
1035
1034
1034
1033
1033
1032
1032
1031
1030
1029
1028
1028
1027
1026
1025
1025
1024
1024
1023
1022
1021
1019
1020
1019
1018
1017
1016
1015
1014
1013
1012
1012
1011
1010
1010
1009
1008
1008
1007
1006
1005
1004
1003
1003
1002
1002
1002
1001
1001
1000
1044
1044
1043
1042
1042
1041
1040
1040
1039
1039
1038
1038
1037
1037
1037
1036
1036
1036
1035
1035
1035
1034
1033
1032
1031
1030
1030
1030
1029
1029
1028
1028
1027
1027
1026
1025
1024
1024
1023
1022
1022
1022
1021
1020
1020
1019
1018
1018
1017
1017
1017
1016
1016
1015
1014
1014
1013
1012
1012
1012
1011
1011
1011
1010
1009
1008
1008
1007
1007
1006
1006
1005
1005
1004
1003
1003
1002
1001
1000
1045
1045
1044
1043
1043
1042
1042
1041
1040
1040
1040
1039
1039
1038
1038
1037
1037
1036
1036
1035
1034
1033
1033
1032
1032
1031
1030
1030
1029
1029
1028
1028
1027
1026
1026
1025
1024
1024
1023
1022
1022
1021
1021
1020
1019
1018
1018
1017
1016
1016
1015
1015
1014
1013
1013
1013
1012
1012
1012
1011
1010
1011
1009
1010
1009
1008
1008
1007
1007
1006
1006
1005
1004
1003
1002
1002
1001
1000
1047
1047
1046
1045
1045
1045
1044
1043
1043
1042
1041
1041
1040
1040
1039
1038
1037
1037
1036
1036
1035
1035
1034
1034
1033
1032
1032
1031
1031
1030
1030
1029
1029
1028
1027
1026
1026
1025
1024
1024
1023
1022
1022
1021
1021
1020
1020
1019
1019
1018
1018
1017
1015
1015
1014
1014
1013
1013
1012
1011
1011
1010
1009
1009
1008
1007
1006
1005
1005
1004
1004
1003
1003
1002
1002
1001
1000
1046
1046
1045
1045
1045
1044
1044
1043
1041
1042
1041
1040
1039
1039
1038
1038
1037
1037
1036
1035
1035
1034
1034
1033
1033
1032
1031
1030
1029
1029
1028
1028
1027
1028
1027
1026
1026
1027
1026
1025
1025
1024
1023
1023
1022
1022
1021
1020
1019
1018
1018
1017
1017
1016
1015
1014
1014
1013
1013
1012
1012
1012
1011
1010
1010
1009
1009
1008
1008
1007
1006
1005
1005
1004
1003
1003
1002
1002
1001
1002
1001
1000
1045
1045
1044
1044
1043
1042
1042
1041
1040
1039
1038
1037
1037
1036
1036
1035
1035
1035
1034
1034
1033
1032
1031
1031
1031
1030
1029
1029
1029
1028
1028
1027
1026
1026
1025
1025
1024
1023
1022
1022
1022
1021
1021
1020
1020
1019
1018
1018
1017
1017
1016
1016
1015
1014
1014
1014
1013
1013
1013
1012
1012
1011
1011
1010
1010
1009
1009
1008
1008
1008
1007
1007
1007
1006
1006
1005
1005
1004
1003
1002
1001
1000
1047
1046
1045
1045
1044
1043
1042
1042
1042
1041
1041
1040
1040
1040
1039
1039
1038
1038
1037
1037
1036
1035
1035
1034
1033
1032
1031
1031
1030
1030
1029
1029
1028
1027
1027
1026
1024
1024
1023
1022
1021
1020
1020
1019
1019
1019
1018
1017
1016
1015
1015
1013
1012
1011
1011
1010
1010
1009
1008
1007
1006
1006
1005
1005
1004
1003
1002
1001
1001
1000
1044
1044
1043
1043
1042
1041
1040
1039
1038
1038
1037
1036
1036
1035
1035
1034
1034
1033
1033
1032
1031
1030
1030
1029
1028
1027
1027
1026
1025
1025
1024
1023
1023
1021
1020
1019
1019
1018
1017
1016
1016
1016
1015
1015
1014
1014
1013
1013
1012
1011
1011
1010
1009
1009
1008
1007
1007
1007
1006
1005
1005
1004
1004
1003
1001
1000
1045
1044
1044
1043
1043
1041
1040
1039
1039
1037
1037
1036
1035
1034
1033
1032
1031
1030
1030
1029
1028
1028
1027
1026
1026
1025
1023
1022
1019
1019
1018
1017
1017
1016
1016
1015
1014
1013
1011
1010
1010
1008
1007
1007
1006
1005
1004
1004
1004
1003
1003
1002
1001
1001
1000
1049
1048
1048
1047
1046
1044
1044
1044
1043
1043
1042
1041
1041
1040
1039
1038
1037
1037
1036
1035
1035
1033
1032
1032
1031
1030
1029
1028
1028
1027
1026
1026
1025
1024
1024
1023
1021
1020
1019
1017
1017
1016
1016
1015
1014
1013
1012
1010
1009
1008
1006
1005
1004
1003
1001
1000
1044
1044
1043
1041
1041
1040
1039
1038
1038
1037
1036
1036
1035
1034
1034
1033
1032
1032
1031
1031
1030
1030
1028
1028
1027
1026
1025
1024
1024
1023
1023
1022
1021
1019
1018
1017
1017
1016
1015
1013
1012
1011
1010
1008
1009
1007
1006
1006
1004
1004
1003
1001
1000
1046
1046
1045
1044
1043
1043
1042
1041
1041
1040
1039
1038
1037
1035
1035
1034
1034
1032
1031
1030
1029
1029
1028
1028
1027
1026
1026
1025
1022
1021
1021
1021
1020
1020
1018
1015
1015
1014
1012
1011
1011
1010
1010
1009
1007
1006
1005
1004
1004
1003
1002
1000
1036
1040
1039
1039
1038
1038
1037
1036
1036
1035
1034
1033
1032
1031
1029
1028
1026
1026
1026
1023
1022
1021
1021
1019
1019
1019
1018
1015
1014
1013
1011
1011
1010
1009
1006
1006
1005
1004
1002
1002
1002
1001
1049
1048
1045
1044
1042
1041
1040
1039
1037
1035
1034
1033
1032
1032
1031
1032
1031
1028
1029
1026
1025
1024
1024
1020
1019
1018
1017
1016
1014
1013
1012
1012
1011
1009
1008
1008
1007
1006
1005
1004
1003
1002
1001
1047
1047
1046
1045
1044
1044
1041
1040
1039
1037
1036
1035
1033
1033
1033
1032
1030
1029
1029
1029
1027
1026
1026
1024
1023
1022
1021
1021
1020
1017
1013
1010
1010
1009
1008
1007
1007
1006
1005
1004
1004
1002
1001
1272
1270
1266
1265
1264
1263
1263
1260
1259
1258
1258
1257
1257
1256
1255
1254
1253
1250
1249
1248
1245
1243
1243
1242
1241
1240
1239
1239
1239
1239
1238
1237
1237
1236
1235
1234
1231
1231
1230
1228
1228
1227
1224
1223
1223
1223
1222
1221
1218
1217
1215
1215
1212
1210
1208
1207
1206
1204
1204
1203
1202
1201
1200
1199
1199
1195
1195
1194
1194
1193
1192
1190
1189
1189
1188
1186
1185
1184
1183
1183
1182
1181
1181
1180
1180
1178
1177
1175
1175
1174
1171
1170
1169
1168
1166
1165
1164
1163
1162
1161
1161
1160
1156
1155
1155
1154
1153
1153
1153
1150
1149
1148
1147
1146
1145
1144
1142
1139
1138
1138
1136
1135
1134
1134
1133
1133
1132
1131
1130
1129
1127
1126
1125
1125
1124
1123
1122
1121
1120
1119
1119
1118
1117
1114
1112
1111
1110
1109
1109
1108
1107
1106
1105
1104
1103
1102
1101
1100
1099
1098
1096
1095
1093
1091
1090
1090
1089
1088
1087
1086
1085
1085
1083
1082
1081
1080
1078
1077
1076
1074
1073
1072
1072
1071
1071
1068
1067
1066
1065
1064
1063
1060
1060
1058
1057
1055
1055
1054
1054
1053
1052
1051
1051
1050
1050
1049
1049
1047
1046
1045
1044
1043
1042
1042
1041
1040
1039
1038
1037
1037
1036
1035
1035
1032
1032
1030
1028
1026
1025
1024
1023
1022
1021
1019
1020
1017
1017
1017
1016
1015
1012
1012
1011
1011
1010
1009
1008
1007
1007
1004
1004
1002
1000
1000
1000
1000
1000
1000
1000
1000
1000
1000
1000
1000
1000
1000
1000
1000
1000
1000
1000
1000
1000
1000
1000
1000
1000
1000
1000
1000
1000
1000
1000
1000
1000
1000
1000
1000
1000
1000
1000
1000
1000
1000
1000
1000
1000
